em: 0.1
f1: 0.1785147174842074
acc: 0.28005540166204984
precision: 0.16076832305303038
recall: 0.34218374884579916
avg_input_tokens: 978.3360110803324
