em: 0.021720552627830795
f1: 0.11805086713873211
acc: 0.09257940464321322
precision: 0.0973544591413088
recall: 0.24245648132366482
avg_input_tokens: 1014.574989317761
