em: 0.06481994459833795
f1: 0.14188615047282666
acc: 0.31800554016620497
precision: 0.11471971139201075
recall: 0.38381809787626975
avg_input_tokens: 1014.5504155124654
